Python 3.7.4 (tags/v3.7.4:e09359112e, Jul  8 2019, 20:34:20) [MSC v.1916 64 bit (AMD64)] on win32
Type "help", "copyright", "credits" or "license()" for more information.
>>> 
 RESTART: C:\Users\Bilut\Desktop\pygame_stuff\Łukasz\Zadania\projekt\projekt.py 

File input
+--+--+--+--+--+
   |     |     |
+  +  +  +  +  +
|     |     |  |
+--+--+--+--+  +
|  |           |
+  +  +  +  +--+
|     |  |  |  |
+--+--+  +  +  +
|        |      
+--+--+--+--+--+
walls: 70, pathways: 51

Labyrinth map [11 x 11]:
###########
S #   #   #
# # # # # #
#   #   # #
######### #
# #       #
# # # # ###
#   # # # #
##### # # #
#     #   E
###########

BFS path [length = 30, visited = 51]:
###########
..#...#...#
#.#.#.#.#.#
#...#...#.#
#########.#
#X#XXXX...#
#X#X#X#.###
#XXX#X#.#X#
#####X#.#X#
#XXXXX#....
###########

A* path [length = 30, visited = 31]:
###########
..#...#...#
#.#.#.#.#.#
#...#...#.#
#########.#
# #    ...#
# # # #.###
#   # #.# #
##### #.# #
#     #....
###########

-------------------------------------------------------------
Algorytm genetyczny - fit_binary_fields
..................................................
Historia najlepszych osobników:
[(-85000, 85), (-52000, 52), (-45000, 45), (-45000, 45), (-45000, 45), (-45000, 45), (-45000, 45), (-45000, 45), (-45000, 45), (-45000, 45), (-45000, 45), (-45000, 45), (-45000, 45), (-26000, 26), (-17001, 17), (-17000, 17), (-17000, 17), (-17000, 17), (-17000, 17), (-17000, 17), (-17000, 17), (-17000, 17), (-17000, 17), (-17000, 17), (-17000, 17), (-17000, 17), (-17000, 17), (-17000, 17), (-17000, 17), (-17000, 17), (-17000, 17), (-17000, 17), (-17000, 17), (-17000, 17), (-17000, 17), (-17000, 17), (-17000, 17), (-17000, 17), (-17000, 17), (-17000, 17), (-17000, 17), (-17000, 17), (-17000, 17), (-17000, 17), (-17000, 17), (-17000, 17), (-17000, 17), (-17000, 17), (-17000, 17), (-4004, 4)]
Najlepszy osobnik:
(-4004, [1, 1, 1, 1, 1, 1, 1, 1, 1, 1, 1, 1, 1, 1, 1, 1, 1, 1, 1, 1, 0, 1, 0, 0, 0, 1, 1, 1, 1, 0, 0, 1, 0, 0, 1, 1, 1, 0, 1, 1, 0, 0, 1, 0, 0, 0, 1, 1, 0])

best GA path:
###########
S.#...#...#
#.#.#.#.#.#
#...#...#.#
#########.#
# #.   ...#
#.# # #.###
#  .#.#.# #
#####.#.# #
# .   #.. E
###########

-------------------------------------------------------------
Algorytm genetyczny - fit_collision_ends
..................................................
Historia najlepszych osobników:
[(-117, 117), (-117, 117), (-117, 117), (-100, 100), (-100, 100), (-100, 100), (-100, 100), (-85, 85), (-85, 85), (-85, 85), (-85, 85), (-85, 85), (-85, 85), (-85, 85), (-85, 85), (-85, 85), (-85, 85), (-85, 85), (-85, 85), (-85, 85), (-85, 85), (-85, 85), (-85, 85), (-85, 85), (-85, 85), (-85, 85), (-85, 85), (-85, 85), (-85, 85), (-85, 85), (-85, 85), (-85, 85), (-85, 85), (-85, 85), (-85, 85), (-85, 85), (-85, 85), (-85, 85), (-85, 85), (-85, 85), (-85, 85), (-85, 85), (-85, 85), (-85, 85), (-85, 85), (-85, 85), (-85, 85), (-85, 85), (-85, 85), (-85, 85)]
Najlepszy osobnik:
(-85, [1, 0, 1, 1, 1, 1, 1, 0, 1, 0, 1, 1, 1, 1, 0, 0, 1, 1, 0, 1, 1, 0, 1, 1, 0, 1, 0, 0, 0, 1, 1, 1, 1, 1, 0, 0, 0, 0, 0, 0, 0, 1, 0, 1, 0, 1, 0, 1, 0, 0, 1, 0, 0, 0, 1, 1, 1, 1, 1, 1, 1, 1, 0, 1, 0, 1, 0, 1, 1, 0, 1, 0, 0, 1, 0, 1, 1, 1, 1, 1, 1, 1, 0, 1, 1, 1, 1, 0, 1, 0, 1, 1, 0, 0, 1, 0, 1, 1, 0, 0, 1, 1, 1, 1, 1, 1, 1, 0, 1, 0, 1, 1, 1, 0, 1, 0, 0, 0, 0, 0, 0, 1, 1, 1, 1, 1, 0, 0, 1, 0, 1, 1, 0, 1, 1, 0, 0, 1, 1, 0, 1, 0, 1, 1, 1, 0, 0, 1, 1, 0, 1, 1, 0, 0, 1, 0, 0, 0, 0, 1, 1, 1, 1, 0, 0, 1, 0, 1, 1, 0, 0, 1, 0, 1, 1, 1, 1, 0, 1, 0, 0, 1, 1, 1, 1, 1, 0, 1, 0, 0, 1, 0, 0, 0, 1, 0, 1, 0, 0, 1, 1, 1, 0, 0])

best GA path:
###########
S.#   #   #
#.# # # # #
#...#   # #
######### #
# #       #
# # # # ###
#   # # # #
##### # # #
#     #   E
###########

-------------------------------------------------------------
Algorytm genetyczny - fit_collision_stuns
..................................................
Historia najlepszych osobników:
[(-54, 13), (-52, 13), (-50, 13), (-48, 13), (-46, 13), (-46, 13), (-44, 13), (-44, 13), (-42, 13), (-40, 13), (-38, 13), (-38, 13), (-36, 13), (-36, 13), (-32, 10), (-30, 10), (-30, 10), (-30, 10), (-30, 10), (-30, 10), (-30, 10), (-28, 10), (-28, 10), (-28, 10), (-26, 10), (-24, 10), (-24, 10), (-24, 10), (-22, 10), (-22, 10), (-22, 10), (-22, 10), (-20, 10), (-20, 10), (-20, 10), (-20, 10), (-20, 10), (-20, 10), (-20, 10), (-18, 10), (-18, 10), (-18, 10), (-18, 10), (-16, 10), (-16, 10), (-16, 10), (-16, 10), (-16, 10), (-16, 10), (-16, 10)]
Najlepszy osobnik:
(-16, [1, 0, 1, 1, 0, 0, 1, 1, 0, 0, 1, 1, 1, 1, 0, 1, 0, 0, 1, 1, 1, 0, 0, 1, 1, 0, 1, 1, 1, 0, 0, 0, 0, 0, 1, 1, 1, 1, 0, 0, 1, 1, 0, 1, 1, 0, 0, 1, 1, 0, 0, 0, 1, 1, 0, 0, 0, 0, 1, 1, 1, 1, 0, 0, 0, 0, 1, 1, 0, 0, 1, 1, 0, 0, 1, 0, 0, 1, 1, 0, 1, 0, 1, 1, 1, 1, 1, 0, 1, 1, 1, 0, 0, 0, 0, 0, 1, 1, 0, 0, 1, 0, 0, 1, 1, 0, 1, 0, 0, 1, 1, 1, 0, 1, 1, 0, 1, 0, 1, 1, 0, 0, 0, 1, 1, 0, 0, 1, 0, 1, 1, 1, 0, 0, 0, 1, 1, 0, 1, 0, 1, 1, 1, 1, 0, 0, 1, 1, 1, 1, 0, 0, 0, 0, 1, 1, 0, 0, 1, 1, 1, 1, 1, 1, 0, 1, 0, 1, 1, 0, 1, 0, 1, 1, 0, 0, 0, 0, 1, 1, 1, 1, 0, 1, 0, 1, 1, 0, 0, 1, 1, 0, 1, 0, 0, 1, 0, 1, 1, 1, 1, 1, 1, 1])

best GA path:
###########
S.#...#...#
#.#.#.#.#.#
#...#...#.#
#########.#
# #    ...#
# # # #.###
#   # #.# #
##### #.# #
#     #   E
###########

-------------------------------------------------------------
Algorytm genetyczny - fit_collision_smart
..................................................
Historia najlepszych osobników:
[(-1845.0, 37), (10.0, 1), (18.0, 1), (26.0, 1), (10083.0, 0), (10085.0, 0), (10087.0, 0), (10091.0, 0), (10091.0, 0), (10095.0, 0), (10097.0, 0), (10099.0, 0), (10101.0, 0), (10103.0, 0), (10103.0, 0), (10105.0, 0), (10105.0, 0), (10110.0, 0), (10114.0, 0), (10119.0, 0), (10119.0, 0), (10123.0, 0), (10127.0, 0), (10127.0, 0), (10127.0, 0), (10131.0, 0), (10131.0, 0), (10131.0, 0), (10135.0, 0), (10135.0, 0), (10135.0, 0), (10135.0, 0), (10135.0, 0), (10135.0, 0), (10135.0, 0), (10135.0, 0), (10135.0, 0), (10135.0, 0), (10135.0, 0), (10139.0, 0), (10139.0, 0), (10139.0, 0), (10139.0, 0), (10139.0, 0), (10139.0, 0), (10139.0, 0), (10139.0, 0), (10139.0, 0), (10139.0, 0), (10139.0, 0)]
Najlepszy osobnik:
(10139.0, [1, 0, 1, 0, 1, 1, 0, 0, 1, 1, 1, 1, 0, 0, 0, 0, 1, 1, 0, 0, 1, 1, 0, 0, 1, 1, 1, 1, 1, 0, 0, 1, 1, 0, 1, 0, 0, 0, 1, 1, 0, 0, 0, 0, 0, 0, 1, 0, 1, 0, 0, 1, 1, 0, 1, 1, 0, 0, 0, 1, 0, 0, 1, 0, 0, 1, 0, 1, 1, 1, 0, 0, 0, 1, 1, 0, 1, 0, 0, 0, 1, 1, 0, 0, 1, 1, 0, 1, 1, 1, 1, 0, 1, 0, 0, 0, 0, 1, 0, 0, 1, 0, 0, 1, 1, 0, 0, 1, 1, 0, 0, 1, 1, 0, 0, 1, 1, 1, 0, 0, 1, 1, 1, 0, 0, 0, 0, 1, 1, 0, 1, 0, 1, 1, 1, 0, 1, 1, 0, 0, 1, 1, 1, 1, 0, 0, 1, 1, 1, 1, 0, 1, 1, 0, 0, 0, 1, 1, 0, 1, 0, 1, 0, 1, 0, 0, 1, 0, 0, 1, 0, 1, 0, 0, 1, 1, 0, 0, 1, 0, 1, 0, 0, 0, 1, 1, 0, 0, 1, 1, 1, 1, 1, 1, 1, 1, 1, 0, 1, 0, 1, 0, 1, 0])

best GA path:
###########
S.#...#...#
#.#.#.#.#.#
#...#...#.#
#########.#
# #  .....#
# # #.#.###
#   # #.# #
##### #.# #
#     #....
###########

Czas wykonania:
      inicjalizacja:     0.146s
                bfs:     0.000s
                 A*:     0.000s
  fit_binary_fields:     0.662s
 fit_collision_ends:     0.917s
fit_collision_stuns:     1.282s
fit_collision_smart:     1.400s
>>> 